[[517.97095121   0.         504.84975221]
 [  0.         418.37877053  -8.99531249]
 [  0.           0.           1.        ]]
[[ 0.7307154 ]
 [-0.20984905]
 [-0.08531713]
 [ 0.30592813]]

 [[517.97095121   0.         504.84975221]
  [  0.         418.37877053  -8.99531249]
  [  0.           0.           1.        ]]
 [[ 0.7307154 ]
  [-0.20984905]
  [-0.10531713]
  [ 0.22592813]]

 [[517.97095121   0.         504.84975221]
  [  0.         468.37877053  -8.99531249]
  [  0.           0.           1.        ]]
 [[ 1.0507154 ]
  [-0.07984905]
  [-0.07531713]
  [ 0.17592813]]

K=np.array([[467.97095120999995, 0.0, 554.84975221], [0.0, 468.37877053, -8.995312490000003], [0.0, 0.0, 1.0]])
D=np.array([[1.7307154], [-0.7698490500000001], [-0.10531712999999998], [0.22592813]])
K=np.array([[507.97095121, 0.0, 504.84975221], [0.0, 465.87877053, 91.00468751], [0.0, 0.0, 1.0]])
D=np.array([[-0.1792846 ],[ 0.99015095], [-0.41531713], [ 0.09592813]])


FINAL:
DIM=(1300, 1200)
K=np.array([[787.8524863867165, 0.0, 744.7118000552183], [0.0, 829.5071163774452, 561.3314451453386], [0.0, 0.0, 1.0]])
D=np.array([[-0.052595202508066485], [0.03130776521577516], [-0.04104704724832264], [0.015343014605793348]])
