kinda works with basic:
DIM=(640, 480)
K=np.array([[166.56146215561338, 0.0, 313.3819191159751], [0.0, 166.27956881570927, 278.75033756853014], [0.0, 0.0, 1.0]])
D=np.array([[0.07583218061681445], [-0.04569671204517309], [0.007517037344033378], [9.960242180323077e-05]])

DIM=(640, 480)
K=np.array([[166.61079119072195, 0.0, 312.9184096351807], [0.0, 166.36889686101503, 277.81540593092757], [0.0, 0.0, 1.0]])
D=np.array([[0.07835573435561652], [-0.06728804523084109], [0.03697694605881821], [-0.010615972255290476]])


K=np.array([[166.61079119072195, 0.0, 312.9184096351807], [0.0, 166.36889686101503, 220.81540593092757], [0.0, 0.0, 1.0]])
D=np.array([[0.07835573435561652], [-0.06728804523084109], [0.03697694605881821], [-0.010615972255290476]])


K=np.array([[166.61079119072195, 0.0, 312.9184096351807], [0.0, 166.36889686101503, 220.81540593092757], [0.0, 0.0, 1.0]])
D=np.array([[0.17835573435561652], [-0.11728804523084109], [0.01697694605881821], [-0.000615972255290476]])

GENERAL FINAL:
DIM=(640, 480)
K=np.array([[166.61079119072195, 0.0, 312.9184096351807], [0.0, 166.36889686101503, 220.81540593092757], [0.0, 0.0, 1.0]])
D=np.array([[0.17835573435561652], [-0.11728804523084109], [0.01697694605881821], [-0.000615972255290476]])
h, w = 640, 480
