K=np.array([[467.97095120791715, 0.0, 454.8497522081019], [0.0, 468.3787705262718, 41.00468750861216], [0.0, 0.0, 1.0]])
D=np.array([[0.05071540349267734], [-0.009849050475532521], [-0.015317127429080844], [0.005928125411691629]])


calibrated:
[[478.97095121   0.         454.34975221]
 [  0.         517.87877053  90.50468751]
 [  0.           0.           1.        ]]

 [[517.97095121   0.         450.84975221]
 [  0.         518.37877053  91.00468751]
 [  0.           0.           1.        ]]

 [[474.97095121   0.         451.84975221]
 [  0.         518.37877053  91.00468751]
 [  0.           0.           1.        ]]

[[ 0.3207154 ]
[-1.00984905]
[ 0.98468287]
[-0.25407187]]


[[417.97095121   0.         468.34975221]
 [  0.         518.37877053  91.00468751]
 [  0.           0.           1.        ]]
[[ 0.1907154 ]
 [-0.12984905]
 [ 0.08468287]
 [-0.00407187]]

[[417.97095121   0.         451.84975221]
 [  0.         518.37877053  91.00468751]
 [  0.           0.           1.        ]]
[[ 0.0407154 ]
 [-0.08984905]
 [ 0.10468287]
 [ 0.01592813]]

FINAL:
DIM=(1024, 700)
K = np.array([[456.47095121, 0.0, 450.34975221], [0.0, 518.37877053, 65.50468751], [0.0, 0.0, 1.0]])
D = np.array([[0.1507154 ],[0.01015095], [0.01468287], [0.00592813]])
